Input

a: 1 2 3 4 5 6 7 8 11 12 13 14 15 16 17 18 21 22 23 24
b:

Output

s: 100101
a:
b: 4 3 2 1 5 6 7 8 11 12 13 14 18 17 16 15 21 22 23 24
   1	   0		0			1			0
   0				1						0

test 

i = 0
a: 1 2 3 4
b: 5 6 7 8 (11 12 13 14 18 17 16 15 21 22 23 24)

a: 
b: (11 12 13 14 18 17 16 15 21 22 23 24) 1 2 3 4 5 6 7 8

i = 1
a: 14 13 12 11
b: 18 17 16 15 (21 22 23 24 1 2 3 4 5 6 7 8)

a:
b: (21 22 23 24 1 2 3 4 5 6 7 8) 18 17 16 15 14 13 12 11

i = 2
a:
b: 21 22 23 24 (1 2 3 4 5 6 7 8 18 17 16 15 14 13 12 11)
