a: 
b: 4 3 2 1 5 6 7 8

a: 1 2 3 4
b: 5 6 7 8

a: 1 2 3 4 5 6 7 8
b: 

a: 1 2 3 4 5 6 7 8 18 17 16 15 14 13 12 11
b:

//-------------------------------------------------------

a:
b: 4 3 2 1 5 6 7 8 [14 13 12 11 15 16 17 18 24 23 22 21 25 26 27 28]

a: [1 2 3 4 5 6 7 8]
b: 14 13 12 11 15 16 17 18 [24 23 22 21 25 26 27 28]

// 14-18 is sorted incorrectly
a: [1 2 3 4 5 6 7 8]
b: 14 13 12 11 15 16 17 18 [24 23 22 21 25 26 27 28]

//-------------------------------------------------------

// tree = 8

a:
b: 4 3 2 1 5 6 7 8 [11 12 13 14 18 17 16 15 24 23 22 21 25 26 27 28]

a: [1 2 3 4 5 6 7 8]
b: [11 12 13 14 18 17 16 15 24 23 22 21 25 26 27 28]

a: [1 2 3 4 5 6 7 8]
b: 11 12 13 14 18 17 16 15 [24 23 22 21 25 26 27 28]

a: 14 13 12 11 [1 2 3 4 5 6 7 8]
b: 18 17 16 15 [24 23 22 21 25 26 27 28]

a: [1 2 3 4 5 6 7 8] [18 17 16 15 14 13 12 11]
b: 24 23 22 21 25 26 27 28

a: [1 2 3 4 5 6 7 8] [18 17 16 15 14 13 12 11] [21 22 23 24 25 26 27 28]
b: 

// tree = 16

a: 1 2 3 4 5 6 7 8 18 17 16 15 14 13 12 11 [21 22 23 24 25 26 27 28]
b: 

a: 18 17 16 15 14 13 12 11 [21 22 23 24 25 26 27 28]
b: 8 7 6 5 4 3 2 1

a: [21 22 23 24 25 26 27 28]
b: 18 17 16 15 14 13 12 11 8 7 6 5 4 3 2 1
