a:
b: 4 3 2 1 5 6 7 8 9 10 11 12 16 15 14 13

b: 9 10 11 12 16 15 14 13 (1 2 3 4 5 6 7 8)

b: (1 2 3 4 5 6 7 8) (9 10 11 12 13 14 15 16)

b: 4 3 2 1 5 6 7 8 9 10 11 12 16 15 14 13 24 23 22 21 25 26 27 28 29 30 31 32 36 35 34 33 44 43 42 41 45 46 47 48 49 50 51 52 56 55 54 53

b: 9 10 11 12 16 15 14 13 24 23 22 21 25 26 27 28 29 30 31 32 36 35 34 33 44 43 42 41 45 46 47 48 49 50 51 52 56 55 54 53 (1 2 3 4 5 6 7 8)

a: 12 11 10 9
b: 16 15 14 13 {24 23 22 21 25 26 27 28 29 30 31 32 36 35 34 33 44 43 42 41 45 46 47 48 49 50 51 52 56 55 54 53} (1 2 3 4 5 6 7 8)

a:
b: 24 23 22 21 25 26 27 28 29 30 31 32 36 35 34 33 44 43 42 41 45 46 47 48 49 50 51 52 56 55 54 53 (1 2 3 4 5 6 7 8) (16 15 14 13 12 11 10 9)

a: 21 22 23 24
b: 25 26 27 28 29 30 31 32 36 35 34 33 44 43 42 41 45 46 47 48 49 50 51 52 56 55 54 53 (1 2 3 4 5 6 7 8) (16 15 14 13 12 11 10 9)

a:
b: 29 30 31 32 36 35 34 33 44 43 42 41 45 46 47 48 49 50 51 52 56 55 54 53 (1 2 3 4 5 6 7 8) (16 15 14 13 12 11 10 9) (21 22 23 24 25 26 27 28)

b: 44 43 42 41 45 46 47 48 49 50 51 52 56 55 54 53 (1 2 3 4 5 6 7 8) (16 15 14 13 12 11 10 9) (21 22 23 24 25 26 27 28) (36 35 34 33 32 31 30 29)

b: 49 50 51 52 56 55 54 53 (1 2 3 4 5 6 7 8) (16 15 14 13 12 11 10 9) (21 22 23 24 25 26 27 28) (36 35 34 33 32 31 30 29) (41 42 43 44 45 46 47 48)

