a:
b: 4 3 2 1 5 6 7 8 12 11 10 9 21 22 23 24 28 27 26 25 31 32 33 34 38 37 36 35

a: 1 2 3 4
b: 5 6 7 8 (12 11 10 9 21 22 23 24 28 27 26 25 31 32 33 34 38 37 36 35)

a: 
b: (12 11 10 9 21 22 23 24 28 27 26 25 31 32 33 34 38 37 36 35) 1 2 3 4 5 6 7 8

a: 
b: 12 11 10 9 21 22 23 24 (28 27 26 25 31 32 33 34 38 37 36 35 1 2 3 4 5 6 7 8)

a: 9 10 11 12
b: 21 22 23 24 (28 27 26 25 31 32 33 34 38 37 36 35 1 2 3 4 5 6 7 8)

a: 
b: (28 27 26 25 31 32 33 34 38 37 36 35 1 2 3 4 5 6 7 8) 9 10 11 12 21 22 23 24 

a:
b: 28 27 26 25 31 32 33 34 (38 37 36 35 1 2 3 4 5 6 7 8 9 10 11 12 21 22 23 24)

a:
b: (38 37 36 35 1 2 3 4 5 6 7 8 9 10 11 12 21 22 23 24) 25 26 27 28 31 32 33 34

a:
b: 38 37 36 35 ([1 2 3 4 5 6 7 8] [9 10 11 12 21 22 23 24] [25 26 27 28 31 32 33 34])

a: 35 36 37 38
b: ([1 2 3 4 5 6 7 8] [9 10 11 12 21 22 23 24] [25 26 27 28 31 32 33 34])

a: 1 2 3 4 5 6 7 8 35 36 37 38
b: ([9 10 11 12 21 22 23 24] [25 26 27 28 31 32 33 34])

a: 
b: ([25 26 27 28 31 32 33 34]) 1 2 3 4 5 6 7 8 9 10 11 12 21 22 23 24 35 36 37 38

a: 34 33 32 31 28 27 26 25
b: 1 2 3 4 5 6 7 8 9 10 11 12 21 22 23 24 35 36 37 38

