a: 
b: 1 2 3 4 44 33 22 11 5 6 7 8 88 77 66 55 11 12 13 14

a: 4 3 2 1
b: 44 33 22 11 (5 6 7 8 88 77 66 55 11 12 13 14)

a: 
b: (5 6 7 8 88 77 66 55 11 12 13 14) 44 33 22 11 4 3 2 1

a: 
b: 8 7 6 5 55 66 77 88 (11 12 13 14 44 33 22 11 4 3 2 1)

a: 5 6 7 8
b: 55 66 77 88 (11 12 13 14 44 33 22 11 4 3 2 1)

a: 5 6 7 8 55 66 77 88 
b: (11 12 13 14 44 33 22 11 4 3 2 1)

//////////////////////////////////////////////////////////////////////////

a: 8 7 6 5
b: 88 77 66 55 (11 12 13 14 44 33 22 11 4 3 2 1)

a:
b: (11 12 13 14 44 33 22 11 4 3 2 1) 88 77 66 55 8 7 6 5

a:
b: 11 12 13 14 (44 33 22 11 4 3 2 1 88 77 66 55 8 7 6 5)