a:
b: 4 3 2 1 5 6 7 8 12 11 10 9 21 22 23 24 28 27 26 25

a: 1 2 3 4
b: 5 6 7 8 (12 11 10 9 21 22 23 24 28 27 26 25)

a:
b: 12 11 10 9 21 22 23 24 28 27 26 25 1 2 3 4 5 6 7 8 

a: 9 10 11 12
b: 21 22 23 24 (28 27 26 25 1 2 3 4 5 6 7 8)

a: 9 10 11 12
b: 21 22 23 24 (28 27 26 25 1 2 3 4 5 6 7 8)

a: 9 10 11 12 21 22 23 24 
b: (28 27 26 25 1 2 3 4 5 6 7 8)

a: 25 26 27 28 (9 10 11 12 21 22 23 24)
b: (1 2 3 4 5 6 7 8)

a: (9 10 11 12 21 22 23 24)
b: (1 2 3 4 5 6 7 8) 25 26 27 28

a: 
b: 25 26 27 28 1 2 3 4 5 6 7 8 9 10 11 12 21 22 23 24

a: 28 27 26 25
b: 1 2 3 4 5 6 7 8 9 10 11 12 21 22 23 24
