a:
b:	4 3 2 1	5 6 7 8	12 11 10 9	21 22 23 24	28 27 26 25	31 32 33 34	38 37 36 35
	0		1		2			3			4			5			6

a:
b:	4 3 2 1	5 6 7 8	9 10 11 12	24 23 22 21	25 26 27 28	34 33 32 31	35 36 37 38

a:	1 2 3 4
b:	5 6 7 8	(9 10 11 12	24 23 22 21	25 26 27 28	34 33 32 31	35 36 37 38)

a:	
b:	(9 10 11 12	24 23 22 21	25 26 27 28	34 33 32 31	35 36 37 38) 1 2 3 4	5 6 7 8

a:	
b:	9 10 11 12	24 23 22 21	(25 26 27 28	34 33 32 31	35 36 37 38) [1 2 3 4	5 6 7 8]

a:	12 11 10 9
b:	24 23 22 21	(25 26 27 28	34 33 32 31	35 36 37 38) [1 2 3 4	5 6 7 8]

a:	
b:	(25 26 27 28	34 33 32 31	35 36 37 38) [1 2 3 4	5 6 7 8] [24 23 22 21	12 11 10 9]

a:	
b:	25 26 27 28	34 33 32 31	(35 36 37 38) [1 2 3 4	5 6 7 8] [24 23 22 21	12 11 10 9]

a:	28 27 26 25
b:	34 33 32 31	(35 36 37 38) [1 2 3 4	5 6 7 8] [24 23 22 21	12 11 10 9]

a:	
b:	(35 36 37 38) [1 2 3 4	5 6 7 8] [24 23 22 21	12 11 10 9] [34 33 32 31	28 27 26 25]
b:	[1 2 3 4	5 6 7 8] [24 23 22 21	12 11 10 9] [34 33 32 31	28 27 26 25]	(35 36 37 38)

/////////

a:	
b:	[1 2 3 4	5 6 7 8] [24 23 22 21	12 11 10 9] [34 33 32 31	28 27 26 25]	(35 36 37 38)

a:	8 7 6 5		4 3 2 1
b:	24 23 22 21	12 11 10 9 [34 33 32 31	28 27 26 25]	(35 36 37 38)

a:	
b: [34 33 32 31	28 27 26 25]	(35 36 37 38)	[24 23 22 21	12 11 10 9	8 7 6 5		4 3 2 1]

