a: 0 1 2 3 4 5 6 7 8 9 10
b:

tree = 2
i = 0
a: 2 3 4 5 6 7 8 9 10
b: 1 0

a: 3 2 (4 5 6 7 8 9 10)
b: 1 0

a: 2 (4 5 6 7 8 9 10)
b: 1 0 3

a: (4 5 6 7 8 9 10)
b: 1 0 3 2
...
a: (4 5 6 7 8 9 10)
b: 3 2 1 0 

i = 1
a: 6 7 (8 9 10)
b: 5 4 (3 2 1 0)

a: 7 6 (8 9 10)
b: 5 4 (3 2 1 0)
...
a: (8 9 10)
b: 5 4 (3 2 1 0) 7 6
...
a: (8 9 10)
b: (3 2 1 0) 7 6 5 4

i = 2
a: 8 9 10
b: (3 2 1 0 7 6 5 4)

a: 10
b: 9 8 (3 2 1 0 7 6 5 4)

a: 
b: 9 8 (3 2 1 0 7 6 5 4) 10
...
a: 
b: (3 2 1 0 7 6 5 4) 10 9 8

tree = 4
a: 3 2 1 0
b: 7 6 5 4 (10 9 8)

a: 
b: (10 9 8) 7 6 5 4 3 2 1 0
