input
a: 5 2 67 4 78 3 13 22 5
b:

tree = 4
a: 5 2 67 4 78 3 22 13 5
b:

a: 67 4 (78 3 22 13 5)
b: 2 5

a: 4 67 (78 3 22 13 5)
b: 2 5

a: 4 67 (78 3 22 13 5)
b: 5 2

a: 67 (78 3 22 13 5)
b: 5 2 4

a: 67 (78 3 22 13 5)
b: 2 4 5

a: (78 3 22 13 5)
b: 2 4 5 67

i = 1
a: 78 3 22 13 (5)
b: (2 4 5 67)

a: 22 13 (5)
b: 3 78 (2 4 5 67)

a: 13 22 (5)
b: 3 78 (2 4 5 67)

a: 13 22 (5)
b: 78 (2 4 5 67) 3

a: 13 22 (5)
b: 78 (2 4 5 67) 3

...

a: (5)
b: (2 4 5 67) 3 13 22 78

a:
b: (2 4 5 67 3 13 22 78) 5

tree = 8 (time_machine)
a: 
b: 2 4 5 67 3 13 22 78 (5)

a: 2
b: 4 5 67 3 13 22 78 (5)

a: 4 2
b: 5 67 3 13 22 78 (5)

a: 2 4
b: 5 67 3 13 22 78 (5)

a: 5 2 4
b: 67 3 13 22 78 (5)
...
a: 2 4 5 67 
b: 3 13 22 78 (5)

tree = 8
a: 4 5 67 
b: 3 13 22 78 (5) 2

a: 4 5 67 
b: 13 22 78 (5) 2 3

a: 5 67 
b: 13 22 78 (5) 2 3 4

a: 67 
b: 13 22 78 (5) 2 3 4 5

a: 67 
b: 22 78 (5) 2 3 4 5 13

a: 67 
b: 78 (5) 2 3 4 5 13 22

a: 
b: 78 (5) 2 3 4 5 13 22 67

a: 
b: (5) 2 3 4 5 13 22 67 78

