a: 
b: [8 7 6 5] (1 2 3 4) (9 10 11 12) [16 15 14 13] [24 23 22 21] (25 26 27 28) (29 30 31 32) [36 35 34 33] [44 43 42 41] (45 46 47 48) (49 50 51 52) [56 55 54 53]

a: 
b: 8 7 6 5 1 2 3 4 (9...53)

a: 5 6 7 8
b: 1 2 3 4 (9...53)

a: 
b: (9...53) 1 2 3 4 5 6 7 8

a:
b: (9 10 11 12) [16 15 14 13] [24 23 22 21] (25 26 27 28) (29 30 31 32) [36 35 34 33] [44 43 42 41] (45 46 47 48) (49 50 51 52) [56 55 54 53] (1 2 3 4 5 6 7 8)

a:
b: (9 10 11 12) [16 15 14 13] (24...53) [1...8]

a: 12 11 10 9
b: 16 15 14 13 (24...53) [1...8]

a: 16 15 14 13 12 11 10 9
b: (24...53) [1...8]

a: [16...9]
b: 24 23 22 21 25 26 27 28 (29...53) [1...8]

